$ 1 5.0E-6 10.20027730826997 50 5.0 43
165 640 128 704 128 2 0.0
t 352 192 384 192 0 1 -11.69693131598393 0.05279745058709006 100.0
t 480 176 512 176 0 1 -11.749680767670847 0.250270731472921 100.0
t 288 208 320 208 0 1 0.5109821523937259 0.563779602980816 100.0
r 480 176 480 240 0 22000.0
r 384 112 384 176 0 22000.0
r 512 96 512 160 0 22000.0
r 320 128 320 192 0 22000.0
r 288 208 288 272 0 1000000.0
r 256 208 192 208 0 100000.0
d 256 272 256 208 1 0.805904783
w 256 208 288 208 0
g 256 272 256 304 0
w 256 272 288 272 0
s 128 208 192 208 0 0 false
R 128 208 128 176 0 0 40.0 5.0 0.0 0.0 0.5
w 320 224 320 272 0
w 320 272 288 272 0
r 352 192 352 256 0 22000.0
w 320 192 352 192 0
w 320 272 352 272 0
w 352 256 352 272 0
c 416 176 480 176 0 1.0E-5 11.499458035098097
w 384 208 384 272 0
w 384 272 352 272 0
w 384 176 416 176 0
w 384 272 480 272 0
w 480 272 480 240 0
w 512 192 512 272 0
w 512 272 480 272 0
w 512 96 384 96 0
w 384 96 384 112 0
w 384 96 320 96 0
w 320 96 320 128 0
R 320 96 320 48 0 0 40.0 12.0 0.0 0.0 0.5
w 640 224 528 224 0
w 528 224 528 160 0
w 528 160 512 160 0
c 640 80 704 80 0 1.0000000000000001E-7 -3.961376237623872
R 704 48 704 0 0 0 40.0 12.0 0.0 0.0 0.5
w 768 160 800 160 0
w 800 160 800 368 0
w 800 368 416 368 0
w 416 176 416 368 0
c 688 304 624 304 0 1.0E-5 -0.03862376237610654
w 704 96 704 80 0
w 640 80 624 80 0
w 624 80 624 304 0
w 688 304 704 304 0
w 704 304 704 288 0
174 832 80 896 48 0 1000000.0 0.5495000000000001 Decay
174 832 192 896 160 0 100000.0 0.005 Attack
174 832 368 896 336 0 1000000.0 0.19310000000000002 Release
174 800 48 832 112 0 10000.0 0.9356000000000001 Sustain
w 640 128 800 128 0
r 800 48 704 48 0 4700.0
w 704 48 704 80 0
w 768 192 832 192 0
w 800 368 832 368 0
r 896 48 960 48 0 100.0
r 896 160 960 160 0 100.0
r 896 336 960 336 0 100.0
d 1024 48 960 48 1 0.805904783
d 960 160 1024 160 1 0.805904783
d 1024 336 960 336 1 0.805904783
w 1024 48 1024 160 0
w 1024 160 1024 336 0
c 1024 400 1024 448 0 1.0E-5 7.778836298674705
g 1024 448 1024 464 0
a 1040 320 1136 320 0 15.0 -15.0 1000000.0
w 1024 336 1040 336 0
w 1040 304 1040 272 0
w 1040 272 1136 272 0
w 1136 272 1136 320 0
r 1136 320 1136 384 0 1000000.0
g 1136 384 1136 400 0
w 864 48 896 48 0
w 896 80 896 48 0
w 864 160 896 160 0
w 896 192 896 160 0
w 864 336 896 336 0
w 896 368 896 336 0
182 304 400 384 400 0 0.5 1.66 3.33
w 192 208 192 400 0
r 464 432 400 432 0 100.0
w 192 400 304 400 0
w 640 256 608 256 0
w 608 256 608 400 0
w 608 400 992 400 0
w 992 400 1024 400 0
w 1024 400 1024 336 0
w 640 128 640 160 0
w 800 128 800 112 0
o 74 64 0 35 10.0 9.765625E-5 0 -1
