$ 1 5.0E-6 10.20027730826997 50 5.0 43
c 432 320 432 384 0 9.999999999999999E-6 4.000023448997796
g 432 384 432 400 0
d 432 320 384 320 1 0.805904783
r 384 320 320 320 0 100.0
d 384 208 432 208 1 0.805904783
d 416 80 368 80 1 0.805904783
r 368 80 304 80 0 100.0
174 240 80 272 144 0 1000.0 0.5 Sustain Level
r 240 16 240 80 0 5000.0
r 480 320 480 384 0 1000000.0
a 160 480 256 480 0 12.0 -12.0 1000000.0
r 112 464 112 400 0 5000.0
r 112 464 112 528 0 10000.0
R 112 400 112 384 0 0 40.0 12.0 0.0 0.0 0.5
w 112 464 160 464 0
w 160 496 160 528 0
g 240 144 240 160 0
w 432 208 432 320 0
w 288 384 288 432 0
174 288 288 320 352 0 1000.0 0.5 Release Time
w 432 320 480 320 0
w 432 384 480 384 0
w 288 240 240 240 0
w 240 240 240 368 0
w 240 240 192 240 0
174 272 112 336 80 0 1000.0 0.5 Decay Time
f 496 144 448 144 0 1.5
w 416 80 416 160 0
w 432 208 432 128 0
w 432 128 448 128 0
w 416 160 448 160 0
w 496 144 528 144 0
w 528 144 528 480 0
w 480 320 560 320 0
w 560 320 560 528 0
w 160 528 560 528 0
r 560 144 560 208 0 100000.0
g 560 208 560 224 0
w 528 144 560 144 0
d 256 480 320 480 1 0.805904783
w 320 480 528 480 0
s 128 240 192 240 0 0 false
f 240 368 288 368 1 1.5
r 64 144 64 208 0 10000.0
174 64 208 96 272 0 1000.0 0.5 Switch Level
R 64 144 64 128 0 0 40.0 12.0 0.0 0.0 0.5
w 96 240 128 240 0
R 240 16 240 0 0 0 40.0 12.0 0.0 0.0 0.5
r 192 80 192 144 0 1000000.0
w 192 80 240 80 0
w 192 144 240 144 0
r 16 208 16 272 0 1000000.0
g 16 272 16 288 0
w 16 208 64 208 0
f 592 480 640 480 0 1.5
w 528 480 592 480 0
g 640 544 640 560 0
r 592 480 592 544 0 100000.0
w 592 544 640 544 0
w 640 496 640 544 0
w 288 240 288 256 0
w 640 464 640 256 0
w 288 256 640 256 0
R 112 528 112 560 0 0 40.0 -12.0 0.0 0.0 0.5
s 528 80 592 80 0 1 false
R 592 80 592 112 0 0 40.0 5.0 0.0 0.0 0.5
r 528 144 528 80 0 10000.0
r 240 368 240 432 0 100000.0
w 240 432 288 432 0
R 288 432 320 432 0 0 40.0 -12.0 0.0 0.0 0.5
r 288 240 352 240 0 100.0
174 320 208 384 240 0 1000.0 0.5099 Attack 
o 9 64 0 291 4.676805239458889 5.7089907708238396E-6 0 -1
