$ 1 5.0E-6 16.13108636308289 50 5.0 43
a 400 368 512 368 0 12.0 -12.0 1000000.0
a 608 352 720 352 0 12.0 -12.0 1000000.0
a 608 160 720 160 0 12.0 -12.0 1000000.0
c 400 288 512 288 0 1.0E-7 -1.1136012827707322
g 400 384 400 416 0
w 512 288 512 368 0
r 400 480 512 480 0 390000.0
r 512 368 608 368 0 10000.0
r 608 432 720 432 0 33000.0
174 720 432 816 480 0 100000.0 0.024800000000000003 Freq
w 608 368 608 432 0
w 720 352 720 432 0
w 400 288 368 288 0
w 368 288 368 480 0
w 368 480 400 480 0
w 512 480 768 480 0
r 816 432 816 528 0 1000.0
g 816 528 816 544 0
r 720 352 816 352 0 1000.0
r 864 352 864 528 0 1000000.0
w 816 352 864 352 0
w 816 528 864 528 0
r 928 288 928 528 0 1000000.0
w 864 528 928 528 0
174 512 288 464 192 0 58700.0 0.0347 Sine Trim
w 464 240 464 192 0
w 512 192 512 176 0
r 336 176 336 256 0 1000.0
d 304 176 304 256 1 0.805904783
d 272 256 272 176 1 0.805904783
g 272 256 272 288 0
r 512 176 608 176 0 1000.0
r 608 176 608 256 0 10000.0
g 608 256 576 256 0
w 608 144 608 96 0
r 608 96 512 96 0 1000.0
r 608 96 720 96 0 10000.0
w 720 96 720 160 0
g 512 96 512 128 0
r 720 160 816 160 0 1000.0
r 720 288 816 288 0 1000.0
w 816 288 928 288 0
w 512 288 720 288 0
w 928 528 1008 528 0
w 816 160 1008 160 0
w 1008 160 1008 288 0
w 272 176 304 176 0
w 304 176 336 176 0
w 272 256 304 256 0
w 304 256 336 256 0
w 400 288 400 352 0
w 336 176 464 176 0
w 464 176 464 192 0
r 1008 288 1008 528 0 1000000.0
g 608 336 576 336 0
o 19 64 0 299 20.0 9.765625E-5 0 -1
o 22 64 0 299 5.0 9.765625E-5 1 -1
o 53 64 0 299 1.25 9.765625E-5 2 -1
