$ 2 4.9999999999999996E-6 16.13108636308289 50 5.0 43
a 160 416 272 416 0 12.0 -12.0 1000000.0
a 368 400 480 400 0 12.0 -12.0 1000000.0
a 368 144 480 144 0 12.0 -12.0 1000000.0
c 160 272 272 272 0 1.0E-7 -2.4446836420024645
g 160 432 160 464 0
r 80 512 192 512 0 390000.0
r 272 416 368 416 0 10000.0
r 368 480 480 480 0 33000.0
w 368 416 368 480 0
w 480 400 480 480 0
g 392 544 392 560 0
174 272 272 224 176 0 58700.0 0.0446 Sine Trim
w 224 224 224 176 0
w 272 176 272 160 0
r 96 160 96 240 0 1000.0
d 64 160 64 240 1 0.805904783
d 32 240 32 160 1 0.805904783
g 32 240 32 272 0
r 272 160 368 160 0 1000.0
r 368 160 368 240 0 10000.0
g 368 240 336 240 0
w 368 128 368 80 0
r 368 80 272 80 0 1000.0
r 368 80 480 80 0 10000.0
w 480 80 480 144 0
g 272 80 272 112 0
w 272 272 480 272 0
w 32 160 64 160 0
w 64 160 96 160 0
w 32 240 64 240 0
w 64 240 96 240 0
w 96 160 224 160 0
w 224 160 224 176 0
g 368 384 336 384 0
a 656 128 752 128 0 12.0 -12.0 1000000.0
w 656 64 656 112 0
w 752 64 752 128 0
g 1112 368 1112 400 0
w 160 272 160 400 0
w 272 416 272 272 0
r 480 400 576 400 0 10000.0
r 480 272 576 272 0 10000.0
r 480 144 576 144 0 10000.0
r 576 272 576 336 0 3700.0
r 1112 304 1112 368 0 1000000.0
r 576 400 576 464 0 900.0
g 576 464 576 480 0
g 576 336 576 352 0
w 656 64 752 64 0
r 624 144 624 208 0 1000000.0
r 624 272 624 320 0 1000000.0
g 624 208 624 224 0
g 624 320 624 336 0
g 624 448 624 464 0
r 624 400 624 448 0 1000000.0
w 576 400 624 400 0
w 576 272 624 272 0
w 576 144 624 144 0
w 656 192 752 192 0
w 752 192 752 256 0
w 656 192 656 240 0
a 656 256 752 256 0 12.0 -12.0 1000000.0
w 1016 240 1016 288 0
a 1016 304 1112 304 0 12.0 -12.0 1000000.0
w 656 320 752 320 0
w 752 320 752 384 0
w 656 320 656 368 0
a 656 384 752 384 0 12.0 -12.0 1000000.0
r 880 160 952 160 0 1000.0
r 880 288 952 288 0 1000.0
r 880 416 952 416 0 1000.0
w 952 160 952 288 0
w 952 288 952 416 0
w 952 288 984 288 0
w 624 144 656 144 0
w 624 272 656 272 0
w 624 400 656 400 0
174 480 480 456 544 0 100000.0 0.9257000000000001 Frequency
w 192 512 456 512 0
w 80 512 80 272 0
w 80 272 160 272 0
r 480 544 392 544 0 1000.0
r 1016 240 1016 168 0 1000.0
g 1016 168 1040 168 0
r 1016 240 1112 240 0 40000.0
174 808 128 832 192 0 10000.0 0.9950000000000001 Sine Amt
174 808 256 832 320 0 10000.0 0.005 Tri Amt
174 808 384 832 448 0 10000.0 0.9950000000000001 Square Amt
w 784 192 784 320 0
w 784 320 784 448 0
w 784 448 808 448 0
w 784 320 808 320 0
w 784 192 808 192 0
g 808 448 808 480 0
w 752 128 808 128 0
w 752 256 808 256 0
w 752 384 808 384 0
c 832 160 880 160 0 9.999999999999999E-6 -0.23708735962442853
c 832 288 880 288 0 9.999999999999999E-6 0.4825573901910799
c 832 416 880 416 0 9.999999999999999E-6 -0.2370517152058351
174 984 288 1016 352 0 100000.0 0.30200000000000005 Level
g 984 352 984 376 0
w 1112 240 1112 304 0
o 49 64 0 299 1.25 9.765625E-5 0 -1
o 50 64 0 299 1.25 9.765625E-5 1 -1
o 54 64 0 299 1.1692013098647223 1.4272476927059599E-6 2 -1
o 44 64 0 299 15.309010345804195 1.8687756769780514E-5 3 -1
